.Random.seed <-
c(403L, 16L, 977403406L, -1973402648L, 547085803L, -1579219319L, 
-1523698152L, 472022342L, -1276601439L, -1198795213L, -1584264286L, 
-28361068L, 1510071575L, -1044165875L, -1997268444L, -2073525750L, 
244030325L, 1892187855L, -55864874L, 1878424960L, -666012221L, 
2058064737L, -1812452912L, -1673371346L, -1286502183L, -878476565L, 
-705654950L, 297859356L, -1487843297L, -668599179L, 1482533132L, 
548349154L, -1389711939L, -942155209L, -312514338L, -808139752L, 
-145990789L, -1039709415L, -2057308248L, 2029082454L, -142602287L, 
1810598787L, -2133365230L, 380127652L, 124546407L, -444493123L, 
1494258228L, 187304346L, 1411970533L, 330633599L, -1751664378L, 
725934736L, 1882301235L, 711735505L, 685881984L, -787084450L, 
499833001L, -1251689637L, 232597866L, 381688844L, -1981023153L, 
1756245253L, -156250692L, -1443698542L, 1761987469L, -1925354553L, 
554021038L, -729956088L, 1340301067L, 1647438313L, 333196984L, 
-795461274L, -432506367L, -1599245165L, -1568649406L, -1133002508L, 
-232932105L, -480365331L, -346044540L, -532203094L, -1788387563L, 
257686959L, 991380918L, -457237536L, -1304464605L, -1326713791L, 
1731143472L, -39205554L, 1074677689L, -737410613L, 86778490L, 
-987748484L, 519579583L, 203698325L, 768097964L, -1881437054L, 
-1608057763L, 1097835351L, -904749506L, 1035489912L, -2099134117L, 
-1819602759L, -1159151352L, 26940342L, 475386097L, 960980771L, 
-1999347342L, -1765821500L, 1836826503L, -1170963107L, -1541932204L, 
-1279540870L, -1562293051L, -529961441L, 551938470L, 1968843568L, 
-1684313645L, -871428111L, 2086934816L, 1062537150L, 343951305L, 
66406267L, 1021025610L, -651904596L, -1214188369L, 1194069605L, 
-1523575268L, 419842162L, -812880147L, 1260925735L, 792489806L, 
-1593768024L, 257192875L, -133271351L, -769722152L, -104954490L, 
-183960479L, -1450627597L, 2061511778L, -944117036L, -1682998313L, 
-70364723L, 116860260L, 50565450L, -1703642955L, 1686720527L, 
-1378039530L, 949072832L, 61497219L, -761262687L, -1284050544L, 
-1476978066L, 944593945L, 30793899L, 651355290L, -1687964580L, 
-1731505825L, 227644213L, -346622260L, -859765726L, 1515165309L, 
1846152055L, 843973790L, 2009293656L, -950909253L, 1749526617L, 
-102294552L, -684999146L, 2065039761L, -609537469L, 561688914L, 
-996899356L, 1000590375L, 1683527805L, -1700608652L, -1234097830L, 
2131771301L, 335454143L, 2069787718L, -105663792L, 1497750771L, 
-27411951L, 185998400L, -422801378L, -1450144023L, 1925032987L, 
616522794L, 329987916L, -999650033L, 76607557L, -1443145220L, 
1668790354L, -1833041459L, -661445753L, -2026060178L, -1900034488L, 
1645633611L, -1187845719L, -1381088008L, -939855834L, 1249739073L, 
993066707L, -1552554366L, 1630923956L, -1063775177L, 1456117549L, 
-1604676540L, 1611913578L, 637154773L, -593898641L, -205698442L, 
1296182688L, -2068538781L, -1969812735L, 1238835824L, -1309630962L, 
-2003306887L, -492387829L, -881870022L, -1584979396L, 1727455615L, 
-1875236139L, 350399212L, 2095782978L, 1081602973L, -2049340905L, 
-227815554L, -686564040L, -419161573L, -388528160L, -303012916L, 
-641925664L, -526826974L, 659172648L, 2056398092L, 1830575676L, 
-1796534030L, 47009520L, -616927420L, -958169512L, -1295791558L, 
1322446576L, -1847324484L, -1606839788L, 628856002L, 1268855904L, 
668827004L, 993874128L, 1029456930L, 1146642088L, -1968143476L, 
855281084L, -894501838L, 182495040L, 1811489972L, 1343874888L, 
-921335110L, -1309425904L, 1912724716L, 1692484692L, -151294190L, 
1869821856L, -2085334068L, 111653728L, -531381054L, 79107624L, 
433313196L, 583740220L, 2134718322L, 1302419248L, 922457636L, 
-613964744L, -1879719718L, -1180428912L, 1227832060L, -1744039020L, 
1478743874L, 2023087616L, 1077577276L, -1966716336L, 1319753378L, 
-538459320L, -97340916L, -404621092L, -149243310L, -248983424L, 
117492564L, 156280296L, 164347642L, 360516432L, -2032784340L, 
-752858764L, -438372718L, -761639328L, -867424628L, -958924960L, 
69507810L, -1009045336L, -1398194996L, 140239356L, -1651916878L, 
1684056560L, -743864892L, 145087320L, -979136646L, 622564784L, 
-750512708L, 1655866452L, 2118076354L, -946723040L, -63456324L, 
517920336L, -1484297758L, -575072920L, -1463866036L, -1406724868L, 
-62874894L, -1739087104L, -1639346572L, -37137400L, 515013050L, 
-100764720L, -2077334036L, 1125830548L, 1218723538L, 529255008L, 
541613388L, 1658626336L, -807403902L, 230077928L, 1177220076L, 
-1754113476L, 378639986L, 997034864L, -1707134684L, -132308424L, 
-2082719334L, 279121360L, -972440132L, 920650900L, -884955006L, 
-808821312L, 1752145724L, 1352798352L, -289871070L, -1377871352L, 
1881172236L, -875406948L, 602933778L, -750420096L, -1283134700L, 
2011549992L, 237148218L, 680041424L, 407383660L, 999395892L, 
1910015634L, -679187104L, -947517108L, -762297376L, -1026461278L, 
1913117096L, -1868982644L, 793480636L, -722468238L, -1289942032L, 
-1558220220L, 1695592536L, -514915270L, -1088818064L, 775730236L, 
1452356884L, 108575426L, 1537611488L, 1172319356L, -1032348976L, 
-1110193758L, 1322605608L, -853846260L, -842261060L, 1558312754L, 
-531038528L, -743219148L, 2141765320L, 42723514L, 508850832L, 
-241484052L, -1303598508L, 1196748434L, -204927712L, 1193379276L, 
1336336096L, 1966605506L, 661896232L, -882826324L, -312340804L, 
-415451150L, -995947984L, -1742208092L, -1096565320L, 1112219482L, 
17645712L, -1532752004L, -1411517164L, 1530378562L, -2057644800L, 
-895757892L, -1482853040L, -231636702L, -1094626744L, -387247092L, 
1811124828L, 1809405394L, -1914442240L, 1724651860L, 846011624L, 
1368721658L, 1826294480L, 657645356L, 1390802164L, -793703022L, 
1946059104L, -1085255668L, -2032264992L, -13629854L, 1391763624L, 
-181243828L, -905246852L, 1921846578L, 1545793136L, 1847306052L, 
340614104L, 1226950522L, 1804133424L, 1437837244L, -364975532L, 
-1910331326L, 708449952L, 587715260L, 1184997328L, -453361310L, 
-730789144L, -2078044980L, 891591164L, -1232784910L, 2051016832L, 
-1001882124L, -1857385848L, -517527750L, -1778233008L, 215019628L, 
-833145452L, -1784740782L, 1084035552L, -1014316852L, 1562036896L, 
-1260172005L, 996711148L, -1913633030L, 463329071L, 540170041L, 
-265877170L, 1635497884L, 307270925L, 865730423L, 2104482688L, 
-1137815074L, 452306603L, 1912998317L, 1702190618L, -1265639208L, 
-255234751L, 2078524915L, -1012456428L, 262646178L, -597524809L, 
1453676673L, 1202663558L, 2005918916L, 1837023733L, 357243999L, 
-1563033928L, 1634742166L, 1775904163L, -1322534555L, -1060147070L, 
1563048432L, 1963667353L, 1116866955L, 822940796L, 2015690410L, 
2126117087L, 451153513L, -639771522L, 2015261804L, -1808669507L, 
607845767L, -872752784L, -958358514L, 1839575355L, -259686883L, 
-35536182L, -630608408L, -1786072367L, 1781329603L, -809843260L, 
-1175621006L, -1271477433L, -23334127L, 746208918L, -769346572L, 
1894006149L, -1277767473L, -709805624L, 78272614L, -1096266093L, 
1268751861L, 207658962L, -1420624864L, 1085423113L, -61995205L, 
72862348L, -2083533030L, -628014705L, -1090322727L, 1844871534L, 
2126073084L, 667715181L, 1517064727L, 1075611616L, 643777470L, 
771563915L, 448172557L, 83652154L, 1804428920L, -270029279L, 
-82960173L, 410238964L, 787552386L, 739545367L, -1936431135L, 
1929982246L, -502525916L, 700576469L, -83329409L, 147058456L, 
-539828682L, -940961597L, -863220475L, 94696610L, 509610640L, 
-839354823L, 659695339L, -45049892L, 862706186L, 714050815L, 
439232841L, -555164962L, -980842356L, -1617723299L, 1923083879L, 
1751359376L, -1370590290L, 2007399003L, 1042331197L, 1962182826L, 
131127624L, 1862913393L, -176346397L, -58916380L, 284601618L, 
961347815L, -1807509839L, -863597322L, -1748971756L, -1174943707L, 
-61330129L, 550585064L, 1746059206L, -1885748621L, 1025139925L, 
-34675022L, 1348353664L, -451525015L, -1673901349L, 697038380L, 
-1231202758L, 94982383L, 454843257L, 1525446670L, 952589788L, 
525274701L, -1115214409L, 297698112L, 1974325790L, 531428587L, 
